0.0213333333333 -0.409777777778 -0.930666666667 0.00635733333333 0.000494617283951 0.00258844444444 1 0
-0.159111111111 -0.498666666667 -0.848 0.0114125432099 0.021888 0.0558791111111 0 1
-0.192 0.430222222222 -0.933333333333 0.000682666666667 0.0119719506173 0.00941511111111 0 1
0.860444444444 -0.334222222222 -0.528 0.0198131358025 0.00291239506173 0.0400071111111 0 1
-0.147555555556 -0.0284444444444 -0.900444444444 0.00421135802469 0.254394469136 0.0186184691358 1 0
-0.0728888888889 -0.176 -1.01155555556 0.000788543209877 0.00118044444444 0.000271802469136 1 0
-0.0515555555556 -0.200888888889 -0.749333333333 0.00334380246914 0.419078320988 0.0182613333333 1 0
0.732444444444 0.384 -0.820444444444 0.68629491358 0.0380444444444 1.6200691358 0 1
0.209777777778 0.963555555556 -0.224888888889 0.00443417283951 0.000314469135802 0.00522587654321 1 0
1.07911111111 0.0408888888889 -0.175111111111 0.0196614320988 0.017371654321 0.0900187654321 0 1
0.270222222222 -0.0808888888889 -0.986666666667 0.00187417283951 0.00491298765432 0.0127857777778 1 0
0.891555555556 0.544 0.0302222222222 0.00866291358025 0.0140515555556 0.0437443950617 0 1
-0.296888888889 -0.295111111111 -0.637333333333 0.0128063209877 0.305784098765 0.0184035555556 0 1
0.327111111111 -0.326222222222 -0.899555555556 0.0394729876543 0.00185995061728 0.00687091358025 1 0
0.843555555556 0.152 -0.611555555556 0.019784691358 0.0241066666667 0.0549278024691 0 1
0.552 0.115555555556 -0.922666666667 0.0723911111111 0.0248620246914 0.196380444444 0 1
0.853333333333 0.0426666666667 -0.392 0.0625777777778 0.0698168888889 0.325390222222 0 1
-0.972444444444 -0.072 -0.285333333333 0.000926024691358 0.0131555555556 0.0266808888889 0 1
0.889777777778 0.354666666667 -0.332444444444 0.0206332839506 0.00607288888889 0.102515358025 0 1
-0.252444444444 0.261333333333 -0.829333333333 0.172062024691 0.0404053333333 0.105685333333 0 1
0.0862222222222 0.694222222222 -0.412444444444 0.00642528395062 0.171772839506 0.112769580247 1 0
-0.686222222222 0.310222222222 -0.330666666667 0.337859950617 0.14600217284 0.135381333333 0 1
-0.0471111111111 0.725333333333 -0.710222222222 0.00468543209877 0.0115768888889 0.0182439506173 1 0
0.442666666667 0.728 -0.292444444444 0.0592213333333 0.00951466666667 0.109000691358 1 0
-0.848 0.274666666667 -0.322666666667 0.156956444444 0.163953777778 0.137728 0 1
0.948444444444 0.0524444444444 -0.443555555556 0.0155891358025 0.0217331358025 0.0792478024691 0 1
0.404444444444 0.278222222222 -0.783111111111 0.0518415802469 0.0684910617284 0.110271209877 0 1
0.978666666667 -0.144888888889 -0.234666666667 0.0684942222222 0.0746160987654 0.553443555556 0 1
1.00355555556 0.231111111111 -0.0604444444444 0.00805135802469 0.00764365432099 0.0283322469136 0 1
-0.252444444444 0.64 -0.695111111111 0.0145082469136 0.0930275555556 0.0120525432099 1 0
-0.480888888889 0.320888888889 -0.375111111111 0.361577876543 0.140336987654 0.13262854321 0 1
-0.321777777778 0.153777777778 -0.751111111111 0.00633995061728 0.257291061728 0.00865343209877 1 0
1.00355555556 0.392 -0.856 0.26005491358 0.0184604444444 1.44941511111 0 1
-0.864 -0.0471111111111 -0.534222222222 0.000839111111111 0.00691832098765 0.00646795061728 0 1
0.00711111111111 0.16 -0.686222222222 0.0106445432099 0.468423111111 0.0435879506173 1 0
0.614222222222 0.653333333333 -0.12 0.0843630617284 0.0164835555556 0.0544853333333 1 0
-0.149333333333 -0.300444444444 -0.944888888889 0.00709688888889 0.140417580247 0.0204863209877 1 0
-0.268444444444 0.294222222222 -0.455111111111 0.302750024691 0.158190617284 0.144461432099 0 1
1.01866666667 -0.257777777778 -0.0248888888889 0.0556231111111 0.0350403950617 0.465897876543 0 1
-0.721777777778 0.226666666667 -0.692444444444 0.0405870617284 0.0588231111111 0.107521580247 0 1
-0.0675555555556 -0.379555555556 -0.773333333333 0.00271802469136 0.333953580247 0.0130133333333 1 0
0.0897777777778 0.652444444444 0.394666666667 0.00332483950617 0.0341633580247 0.401905777778 1 0
0.568 -0.331555555556 -0.773333333333 0.0607004444444 0.00233402469136 0.0359964444444 1 0
0.197333333333 0.234666666667 -0.840888888889 0.242275555556 0.119637333333 0.609656098765 0 1
0.0604444444444 0.709333333333 -0.175111111111 0.00532069135802 0.0169528888889 0.444664098765 1 0
0.211555555556 0.848888888889 -0.422222222222 0.00544869135802 0.0128347654321 0.0367043950617 1 0
0.869333333333 0.413333333333 -0.152888888889 0.00548977777778 0.067584 0.034139654321 0 1
0.032 0.220444444444 -0.975111111111 0.0849635555556 0.0297260246914 0.034011654321 0 1
-0.152 0.207111111111 -0.861333333333 0.00369777777778 0.241542320988 0.0135395555556 1 0
0.103111111111 0.577777777778 0.732444444444 0.00252365432099 0.028014617284 0.173029135802 1 0
0.0951111111111 0.612444444444 0.558222222222 0.00302143209877 0.0319589135802 0.311477728395 1 0
0.671111111111 0.301333333333 -0.671111111111 0.0236863209877 0.0601315555556 0.107753876543 0 1
0.0808888888889 0.675555555556 0.184888888889 0.00356187654321 0.0304655802469 0.520127209877 1 0
0.0444444444444 0.741333333333 -0.366222222222 0.00597491358025 0.0150755555556 0.278524839506 1 0
0.0133333333333 0.759111111111 -0.522666666667 0.00254577777778 0.0154232098765 0.131953777778 1 0
-0.536 0.292444444444 -0.778666666667 0.113052444444 0.0402789135802 0.114289777778 0 1
1.05955555556 -0.0951111111111 0.144 0.0419002469136 0.0102605432099 0.0517831111111 0 1
-0.296 0.412444444444 -0.755555555556 0.0118755555556 0.234113580247 0.0205100246914 1 0
0.0737777777778 0.683555555556 -0.016 0.00363772839506 0.027080691358 0.547626666667 1 0
0.0328888888889 0.346666666667 -0.599111111111 0.0106445432099 0.415658666667 0.0788969876543 1 0
-0.168888888889 0.253333333333 -0.555555555556 0.255494320988 0.182542222222 0.154639802469 0 1
-0.0266666666667 -0.0195555555556 -0.717333333333 0.00728177777778 0.470657580247 0.0360106666667 1 0
0.625777777778 0.144888888889 -0.606222222222 0.208252839506 0.0481200987654 0.0986848395062 0 1
-0.987555555556 0.165333333333 -0.226666666667 0.00239091358025 0.144711111111 0.05376 0 1
0.0568888888889 0.524444444444 -0.523555555556 0.00944987654321 0.31483891358 0.103880691358 1 0
